# C  Sea bass IV VII input data file
# benchmark IBPBass2 2016
#  -------------------------
#  -------------------------
1985 		# _styr
2018 		# _endyr
1 		# _nseasons lr number of quarters in a year
12 		# _nmonths per season
1 		# _spawn_seas
6 		# _Nfleet
3 		# _Nsurveys
1 		# _N_areas

#  -------------------------
# FLEET/SURVEY NAMES, TIMING, ETC.
#  -------------------------
# Fishery & survey names separated by "%"
#  -------------------------
UKOTB_Nets%Lines%UKMWT%French%Other%RecFish%AutBass%CGFS1%FR_LPUE
-1 -1 -1 -1 -1 -1 0.83 0.75 -1		# _surveytiming_in_season
1 1 1 1 1 1 1 1 1				# _area_assignments_for_each_fishery_and_survey
1 1 1 1 1 1					# _units of catch:  1=bio; 2=num
0.1 0.1 0.1 0.1 0.1 0.1				# _se of log(catch) only used for init_eq_catch and for Fmethod 2 and 3
1 	#_Ngenders
30 	#_Nages
57.5 24.4 0.51 713.7 18.7 2125		# _init_equil_catch_for_each_fishery (1985 landings * 0.82 see IBPNEW2012)
34 # _N_lines_of_catch_to_read
# Retained catch in biomass (metric tonnes (mt))
# ------------------------------------------------
# includes RETAINED ONLY
# ------------------------------------------------
#UKOTB_Nets Lines UKMWT French Other RecFish Year Season
70	30	1	870	23	1702	1985	1
84	33	2	1180	19	1541	1986	1
96	18	0	1840	25	1405	1987	1
129	30	8	1028	44	1300	1988	1
141	29	7	917	67	1200	1989	1
128	18	22	849	47	1078	1990	1
152	60	14	971	29	985	1991	1
105	23	8	1001	49	996	1992	1
146	62	1	979	68	1149	1993	1
354	154	0	786	76	1377	1994	1
424	169	4	1057	181	1550	1995	1
308	128	87	2395	104	1569	1996	1
335	119	71	1984	111	1495	1997	1
241	121	85	1773	170	1447	1998	1
274	148	220	1843	185	1449	1999	1
236	53	52	1805	261	1496	2000	1
263	58	97	1883	199	1572	2001	1
361	75	110	1825	251	1655	2002	1
353	65	127	2471	443	1727	2003	1
380	72	131	2604	544	1771	2004	1
353	59	68	3161	789	1782	2005	1
359	119	11	3259	629	1777	2006	1
413	166	37	2771	677	1798	2007	1
514	163	17	2750	663	1824	2008	1
486	147	9	2649	598	1812	2009	1
452	183	42	3236	649	1726	2010	1
462	143	98	2526	629	1592	2011	1
564	185	49	2610	579	1440	2012	1
530	191	39	2871	506	1241	2013	1
751	236	1	1303	391	1048	2014	1
440	199	0	1110	317	738	2015	1
305	210	2	547	231	228	2016	1
125	147	0	442	270	223	2017	1
160	267	0	313	61	156	2018	1

# ------------------------------------------------
74 	#_N_cpue_and_surveyabundance_observations
#_Units: 0=numbers; 1=biomass; 2=F                                                                     
#_Errtype: -1=normal; 0=lognormal; >0=T                                                                     
#_Fleet Units Errtype 
1	1	0	#	UK OTB_Nets
2	1	0	#	UK Lines
3	1	0	#	UK MWT
4	1	0	#	French fleets
5	1	0	#	Other
6	1	0	#	RecFish
7	0	0	#	AutBass
8	0	0	#	CGFS1
9	1	0	#	FR_LPUE

################################
# yr    qtr     indexNumber(5-6) indexResult indexSE   
##	AutBass	(numbers for ages 2-4):		
1986	1	7	5.84	0.433295234
1987	1	7	2.6	0.433295234
1989	1	7	7.05	0.433295234
1990	1	7	3.98	0.433295234
1991	1	7	3.32	0.433295234
1992	1	7	19.7	0.433295234
1993	1	7	14.63	0.433295234
1994	1	7	5.46	0.433295234
1995	1	7	10.24	0.433295234
1996	1	7	6.06	0.433295234
1997	1	7	38.2	0.433295234
1998	1	7	7.34	0.433295234
1999	1	7	20.91	0.433295234
2000	1	7	17.46	0.433295234
2001	1	7	39.91	0.433295234
2002	1	7	11.7	0.433295234
2003	1	7	13.55	0.433295234
2005	1	7	21.93	0.433295234
2006	1	7	19.73	0.433295234
2007	1	7	5.5	0.433295234
2008	1	7	25.52	0.433295234
2009	1	7	19.83	0.433295234
2011	1	7	4.06	0.433295234
2013	1	7	1.52	0.433295234
2014	1	7	1.4	0.433295234
2015	1	7	7.44	0.433295234
2016	1	7	6.03	0.433295234
2017	1	7	3.54	0.433295234
2018	1	7	2.66	0.433295234
##	CGFS1:			
1988	1	8	245776	0.6
1989	1	8	77716	0.6
1990	1	8	1129914	0.6
1991	1	8	4250635	0.3
1992	1	8	2617984	0.3
1993	1	8	2299918	0.3
1994	1	8	1097829	0.3
1995	1	8	1021740	0.3
1996	1	8	1224238	0.3
1997	1	8	1817599	0.3
1998	1	8	2531044	0.3
1999	1	8	1642270	0.3
2000	1	8	2570996	0.3
2001	1	8	3150674	0.3
2002	1	8	3872427	0.3
2003	1	8	8739057	0.3
2004	1	8	3598440	0.3
2005	1	8	3005317	0.3
2006	1	8	5517999	0.3
2007	1	8	3661314	0.3
2008	1	8	6468841	0.3
2009	1	8	2564696	0.3
2010	1	8	1804537	0.3
2011	1	8	1513745	0.3
2012	1	8	2034554	0.3
2013	1	8	995987	0.3
2014	1	8	669931	0.3
##	FRLPUE:
2001	1	9	0.874	0.1
2002	1	9	0.931	0.0717
2003	1	9	0.920	0.075
2004	1	9	0.912	0.0704
2005	1	9	0.975	0.0783
2006	1	9	0.991	0.0804
2007	1	9	1.034	0.0772
2008	1	9	1.054	0.0657
2009	1	9	1	0
2010	1	9	0.924	0.0637
2011	1	9	0.813	0.0588
2012	1	9	0.765	0.0658
2013	1	9	0.746	0.0643
2014	1	9	0.646	0.0546
2015	1	9	0.635	0.0592
2016	1	9	0.523	0.055
2017	1	9	0.539	0.0596
2018	1	9	0.543	0.0777

# -------------------------
# DISCARDED CATCH
# -------------------------
2 	# _N_fleets_with_discard

1	1	-2
4	1	-2

26 	# N discard obs
#
2002	1	1	17	0.75
2003	1	1	16	0.75
2004	1	1	59	0.75
2005	1	1	96	0.75
2006	1	1	53	0.75
2007	1	1	50	0.75
2008	1	1	8	0.75
2009	1	1	86	0.75
2010	1	1	50	0.75
2011	1	1	22	0.75
2012	1	1	29	0.75
2013	1	1	5	0.75
2014	1	1	7	0.75
2015	1	1	7	0.75
2016	1	1	43	0.75
2017	1	1	0.202	0.75
2018	1	1	26	0.75
2009	1	4	65.2	0.619	
2010	1	4	97.9	0.638
2012	1	4	127.6	0.185
2013	1	4	48.4	1.136
2014	1	4	17.7	0.835
2015	1	4	32.5	0.79
2016	1	4	155.6	0.75
2017	1	4	270.9	0.75
2018	1	4	456.4	0.75	

# -------------------------
# MEAN BODY WEIGHT
# -------------------------
0 # _N_meanbodywt_obs
30	#_DF_for_meanbodywt_T-distribution_like

# -------------------------
# LENGTH COMPOSITION SET-UP
# -------------------------
# population length bins (not necessarily same as data bins, below)
2 	# length bin method: 1=use databins; 2=generate from binwidth,min,max below; 3=read vector
2 	# number of population length bins to be read
4
94

-0.001 	#_comp_tail_compression
1e-007 	#_add_to_comp
0 	#_combine males into females at or below this bin number

# -------------------------
# LENGTH COMPOSITION DATA
# -----------------------
45 	#_N_LengthBins
# vector of length N_LengthBins with lower edges of each bin
6	8	10	12	14	16	18	20	22	24	26	28	30	32	34	36	38	40	42	44	46	48	50	52	54	56	58	60	62	64	66	68	70	72	74	76	78	80	82	84	86	88	90	92	94

161 	#_N_Length_obs
#Yr Season Flt/Svy Gender Part Nsamp datavector(female-male)
# -------------------------------------------
#####  LANDINGS OF COMMERCIAL FLEETS (1 TO 5), ORDERED BY YEAR AND QUARTER:
# -------------------------------------------
1985	1	1	0	2	34	0	0	0	0	0	0	65	0	0	130	0	185	2154	9307	17771	11520	7353	6195	3248	4184	4005	4135	3269	1254	1171	1641	1224	1180	584	234	414	94	152	445	152	0	67	0	0	0	0	0	0	0	0
1986	1	1	0	2	52	0	0	0	0	0	0	0	0	0	0	8881	6175	1522	7181	8854	4903	9250	8551	5295	4432	3045	2208	3867	2638	1567	1380	2851	995	1375	352	90	5036	311	1794	4	216	109	2	0	0	0	0	0	0	0
1987	1	1	0	2	113	0	0	0	0	0	0	0	0	0	188	0	0	5148	20706	17049	22638	11144	13791	5629	5008	2384	2475	1252	1681	1460	1001	913	2667	2945	713	2229	194	761	381	660	191	0	0	179	0	0	0	0	0	0
1988	1	1	0	2	73	0	0	0	0	16	16	0	0	0	32	761	1431	7219	6402	12495	35742	14723	11915	12763	17220	6430	4406	1698	2566	1639	918	2439	1888	153	1194	822	1964	515	743	552	210	172	177	33	20	0	0	0	0	0
1989	1	1	0	2	94	0	0	0	0	0	0	0	0	0	0	0	0	10076	7434	16034	20457	12060	11120	15380	11197	11691	8578	6183	3381	3457	2999	2588	2852	2309	1579	1472	1344	427	540	56	41	56	64	0	0	0	0	0	0	0
1990	1	1	0	2	63	0	0	0	0	0	0	0	0	0	0	0	0	0	0	231	6223	6914	8672	4714	9034	16220	7610	9973	7415	5356	3246	1226	2895	1784	1441	1099	565	346	158	304	124	0	98	148	0	566	0	0	0	0
1991	1	1	0	2	67	0	0	0	0	0	0	0	0	0	0	0	0	60	179	7350	23199	11237	6005	4235	4202	4461	5509	5105	5275	5129	7434	3315	5836	2703	729	2551	2614	3546	727	84	1379	202	4	260	0	0	0	0	0	0
1992	1	1	0	2	53	0	0	0	0	0	0	0	0	0	0	0	0	0	202	10251	34088	28604	14364	11787	4507	2927	1668	4105	1574	2119	1510	1313	1072	953	363	340	245	257	1502	604	0	0	75	54	0	0	0	0	0	0
1993	1	1	0	2	163	0	0	0	0	0	0	0	0	0	0	0	22	3824	899	9580	63497	38604	24428	12330	8183	4533	4499	2704	1619	1925	1808	2365	1700	1273	547	1136	448	331	395	419	845	64	23	0	189	0	0	0	0	0
1994	1	1	0	2	301	0	0	0	0	0	0	0	0	0	0	41	294	3134	13855	24439	129505	123864	80678	40573	17235	9901	7294	4994	3368	2752	2401	2438	2518	2146	1616	1584	1156	1246	931	354	300	303	296	201	196	0	0	196	0	0
1995	1	1	0	2	244	0	0	0	0	0	0	0	0	0	0	0	0	18	1789	16942	92179	102900	94279	70417	47122	23608	19100	5219	4526	5666	1680	1067	1828	3109	1553	1670	3025	756	919	322	158	0	61	0	0	0	0	0	0	0
1996	1	1	0	2	182	0	0	0	0	0	0	0	0	0	0	0	0	0	381	6026	41792	52179	69395	65619	42281	25995	9847	5172	4918	7792	1453	2656	2956	677	590	800	618	765	169	1402	520	96	96	0	10	0	0	0	0	0
1997	1	1	0	2	178	0	0	0	0	0	0	0	0	0	0	0	0	0	13	2701	24764	39040	40706	42434	40369	39013	34893	20836	13939	8078	5869	2309	2564	825	601	1231	2317	1583	849	73	516	68	0	29	6	0	0	0	0	0
1998	1	1	0	2	129	0	0	0	0	0	0	0	0	0	0	0	0	523	1819	11497	31816	36175	37154	31132	24428	23014	15281	13728	8376	5485	4375	2326	1545	962	927	284	445	527	193	102	13	0	0	0	24	0	0	0	0	0
1999	1	1	0	2	128	0	0	0	0	0	0	0	0	77	38	0	38	77	426	14262	61905	70065	61131	44444	26605	15904	10526	8488	5975	5417	3118	2648	1680	1630	520	389	289	278	123	225	91	0	38	0	0	47	0	0	0	0
2000	1	1	0	2	153	0	0	0	0	0	0	0	0	0	0	0	0	0	12	5287	48896	64332	53940	33900	22938	15274	6262	8145	5403	4637	3391	2036	1356	1179	252	475	368	84	38	84	133	386	32	0	0	16	0	0	0	0
2001	1	1	0	2	162	0	0	0	0	0	0	0	0	0	25	19	39	19	2288	15716	64089	52490	49167	37384	17952	14200	7642	8485	5841	7872	3872	3937	3812	3380	1995	1560	786	161	34	66	775	3	30	25	0	0	0	0	0	0
2002	1	1	0	2	310	0	0	0	0	0	98	16	0	49	65	16	325	446	893	31390	85336	93085	69271	40986	29133	19327	15215	10706	7096	7106	5447	3998	2393	2191	1579	1080	1665	625	59	87	159	40	49	0	0	0	0	0	0	0
2003	1	1	0	2	285	0	0	0	0	0	0	0	0	0	0	0	34	46	1424	8235	57062	77986	70341	43681	29493	20640	18412	15623	11819	7903	6477	3672	2989	1869	2803	1021	723	294	1397	197	193	348	0	0	118	0	0	0	0	0
2004	1	1	0	2	186	0	0	0	0	0	0	0	0	0	0	0	0	30	477	7112	56436	77855	88743	75236	57578	43440	17089	10998	7706	2454	1193	1019	705	1193	1093	797	277	382	310	149	88	54	0	0	0	0	0	48	0	0
2005	1	1	0	2	70	0	0	0	0	0	0	0	0	0	0	0	0	15	480	9736	118997	87391	54041	51857	41817	31495	23782	9021	5197	4800	2206	2090	1049	1075	717	324	221	221	113	36	46	0	0	0	0	0	0	0	0	0
2006	1	1	0	2	67	0	0	0	0	0	0	0	0	0	0	0	0	0	3306	22629	108391	100915	86929	45290	32101	20844	15954	10699	7506	3681	2838	1708	1912	511	761	2580	308	132	0	154	22	0	22	22	0	0	0	0	0	0
2007	1	1	0	2	64	0	0	0	0	0	0	0	0	0	0	0	0	0	470	3489	54082	70396	64601	54445	58842	37746	18707	11681	15625	7831	4841	8448	2259	3735	4278	438	455	117	1226	316	159	117	0	255	0	0	0	0	0	0
2008	1	1	0	2	98	0	0	0	0	0	0	0	0	0	0	0	0	0	401	13790	175049	148847	104728	76223	44614	33457	14676	13238	11255	8194	5767	2706	1499	1369	1236	777	862	222	113	0	8	586	11	0	0	0	0	0	0	0
2009	1	1	0	2	113	0	0	0	0	0	0	0	0	0	0	0	0	0	146	2887	104904	107730	93431	55081	50155	25947	30223	16007	15940	12696	7388	6801	2355	683	4323	91	486	955	1257	337	1781	108	108	0	0	0	0	0	0	0
2010	1	1	0	2	98	0	0	0	0	0	0	0	0	0	0	0	0	0	40	3168	80969	65663	100554	56013	63911	49857	14519	12059	8624	6881	7079	4950	4215	3011	2984	2604	1229	1072	1059	335	302	410	358	254	127	0	0	0	0	0
2011	1	1	0	2	103	0	0	0	0	0	0	0	0	0	0	0	0	0	82	3514	42567	46238	51629	63594	50320	59307	31597	27273	18416	13379	6216	7016	3569	5620	2394	1025	2151	1077	718	1327	289	86	0	0	0	0	0	0	0	0
2012	1	1	0	2	114	0	0	0	0	0	0	0	0	0	0	0	0	0	2232	12451	100744	129415	87343	57287	33655	19594	22391	21406	19679	17983	11586	10398	8571	5215	3351	2452	2792	1025	865	521	499	410	0	0	0	0	0	0	0	0
2013	1	1	0	2	131	0	0	0	0	0	0	0	0	0	0	0	0	209	2114	10865	65525	91135	87003	60752	37589	32577	21034	21530	19731	23574	19268	7202	10270	6993	3741	2360	1532	4060	682	1944	0	189	108	0	94	0	13	0	0	0
2014	1	1	0	2	112	0	0	0	0	0	0	0	0	0	0	0	0	0	0	6148	35572	63509	72703	59672	41257	30908	22976	23194	26987	29244	29658	26334	18487	13060	8110	4222	5397	3089	1889	728	782	170	0	0	119	0	0	0	0	0
2015	1	1	0	2	106	0	0	0	0	0	0	0	0	0	0	0	0	0	0	447	4572	11392	19597	20814	23420	24390	16553	13885	13474	9817	7921	9512	10880	7587	8106	5534	4016	2369	2641	904	914	114	0	15	15	0	0	0	0	0
2016	1	1	0	2	173	0	0	0	0	0	0	0	0	0	0	0	0	0	0	0	0	163	4099	10482	17250	17315	19330	20485	19902	18238	13268	9349	8157	4956	3303	2631	1559	2401	793	694	195	144	275	0	17	0	0	0	0	0
2017	1	1	0	2	169	0	0	0	0	0	0	0	0	0	0	0	0	0	0	0	0	456.51	2496.19	7773.69	7769.9	7723.17	4761.29	5764.96	4870.92	4635.95	2472.96	1909.84	1059.25	594.62	1072.55	323.01	167.72	47.76	271.12	65.39	26.35	71.81	0	53.73	59.33	0	0	0	0	0
2018	1	1	0	2	114	0	0	0	0	0	0	1038.61	0	0	45.67	83.17	4618.82	14024.52	10545.57	7141.6	6528.67	4601.7	4275.21	4778.05	2985.8	2316.48	3609.27	1885.7	1307.89	919.08	1337.86	378.9	233.87	417.36	291.49	62.54	117.26	13.55	0	20.32	0	0	0	0	0	0	0	0	0	0
2002	1	1	0	1	38	0	0	0	0	0	0	0	0	0	0	0	0	27949	10487	5244	0	0	0	0	0	0	0	0	0	0	0	0	0	0	0	0	0	0	0	0	0	0	0	0	0	0	0	0	0	0
2003	1	1	0	1	87	0	0	0	0	0	0	0	0	0	483	1450	38	1161	19658	14442	0	0	0	0	0	0	0	0	0	0	0	0	0	0	0	0	0	0	0	0	0	0	0	0	0	0	0	0	0	0
2005	1	1	0	1	85	0	0	0	0	0	0	0	0	0	0	0	1761	3638	2873	5890	0	0	0	0	0	0	0	0	0	47395	0	0	0	0	0	0	0	0	0	0	0	0	0	0	0	0	0	0	0	0
2006	1	1	0	1	123	0	0	0	0	0	0	0	1989	1989	970	4082	11941	11873	65761	9769	2121	0	0	0	0	0	3930	0	0	0	0	1989	0	0	0	0	0	0	0	0	0	0	0	0	0	0	0	0	0	0
2007	1	1	0	1	292	0	0	0	0	0	0	0	0	139	16209	38950	34826	52638	16367	5406	0	0	0	0	0	0	0	0	0	0	0	0	0	0	0	0	0	0	0	0	0	0	0	0	0	0	0	0	0	0
2008	1	1	0	1	236	0	0	0	0	0	0	0	0	0	0	0	588	4964	4442	7503	0	0	0	0	0	0	0	0	0	24	0	207	0	0	0	0	0	0	0	0	0	0	0	0	0	0	0	0	0	0
2009	1	1	0	1	169	0	0	0	0	12159	12159	133744	206695	148028	36655	26406	2813	7222	29651	2534	29	0	0	0	0	0	0	0	0	0	0	0	0	0	0	0	0	0	0	0	0	0	0	0	0	0	0	0	0	0
2010	1	1	0	1	146	0	0	0	0	0	0	0	8736	0	10295	23448	23056	29348	47848	9498	262	0	0	0	0	0	0	0	0	0	0	0	0	0	0	0	0	0	0	0	0	0	0	0	0	0	0	0	0	0
2011	1	1	0	1	156	0	0	0	0	0	0	0	0	0	0	229	2580	5681	43621	2832	71	0	0	0	0	0	0	0	0	0	0	0	0	0	0	0	0	0	0	0	0	0	0	0	0	0	0	0	0	0
2012	1	1	0	1	179	0	0	0	0	0	0	0	0	410	553	1275	2410	18434	25801	22077	173	0	0	0	0	0	0	0	0	0	0	0	0	0	0	0	0	0	0	0	0	0	0	0	0	0	0	0	0	0
2013	1	1	0	1	192	0	0	0	0	0	0	1655	1655	0	0	0	332	2753	7035	2196	0	0	0	0	0	0	0	0	0	0	0	0	0	0	0	0	0	0	0	0	0	0	0	0	0	0	0	0	0	0
2014	1	1	0	1	231	0	0	0	0	0	0	0	0	0	0	0	2163	1082	2106	1461	0	0	2827	0	0	0	0	0	0	0	0	0	0	802	0	0	0	0	0	0	0	0	0	0	0	0	0	0	0	0
2015	1	1	0	1	183	0	0	0	0	0	0	0	0	0	0	0	0	0	0	0	0	9742	653	0	0	0	0	0	0	0	0	0	0	0	0	0	0	0	0	0	0	0	0	0	0	0	0	0	0	0
2016	1	1	0	1	69	0	0	0	0	0	0	0	0	0	909	699	440	3125	5997	10216	15490	21190	9250	1954	2269	300	232	87	25	0	0	0	0	0	0	0	0	0	0	0	0	0	0	0	0	0	0	0	0	0
2017	1	1	0	1	1	0	0	0	0	0	0	0	0	0	0	0	8.71	43.54	39.18	39.18	52.24	95.77	95.77	8.71	0	0	0	0	0	0	0	0	0	0	0	0	0	0	0	0	0	0	0	0	0	0	0	0	0	0
1985	1	2	0	2	19	0	0	0	0	0	0	0	0	0	0	2822	5368	5711	5594	1624	2170	3688	1284	1590	1002	2424	1123	1485	1669	1171	457	143	443	207	139	325	7	14	0	125	257	375	0	0	0	0	0	0	0	0
1986	1	2	0	2	31	0	0	0	0	0	0	0	0	0	32	59	461	1123	2607	2174	3118	1579	1540	963	1083	1435	1868	2033	1350	1721	863	741	621	539	681	351	392	254	177	177	59	0	0	0	0	0	0	0	0	0
1987	1	2	0	2	69	0	0	0	0	0	0	0	0	0	0	26	102	245	658	757	1024	924	1630	497	1079	214	461	358	806	1122	717	526	431	172	98	77	97	562	44	240	46	183	17	28	39	7	4	0	0	4
1988	1	2	0	2	53	0	0	0	0	0	0	0	0	0	0	0	24	838	4597	4578	3030	1744	2166	2108	1304	1295	1215	747	740	481	841	630	651	884	398	429	308	311	156	52	59	61	24	169	0	0	0	0	0	0
1989	1	2	0	2	26	0	0	0	0	0	0	0	0	0	0	0	0	276	630	21750	21856	999	366	259	183	24	75	49	75	235	420	235	231	429	169	328	210	50	185	25	93	0	0	0	0	0	0	0	0	0
1990	1	2	0	2	22	0	0	0	0	0	0	0	0	0	0	0	0	0	0	119	164	474	533	1063	1380	1324	1085	967	760	769	414	494	627	345	277	266	190	196	0	196	156	74	0	74	0	0	0	0	0	0
1991	1	2	0	2	53	0	0	0	0	0	0	0	0	0	0	0	0	10	10	1811	3158	2495	860	591	628	1053	1530	1536	1440	1344	1062	1067	1756	1191	1411	2280	1280	1312	1273	1286	565	556	109	256	0	0	0	0	0	0
1992	1	2	0	2	111	0	0	0	0	0	0	0	0	44	88	0	0	0	3	616	3464	2977	2124	1332	974	719	557	446	654	523	499	697	343	286	264	525	228	222	231	176	172	149	59	13	44	21	0	0	0	0
1993	1	2	0	2	123	0	0	0	0	0	0	0	7	7	4	11	331	1975	1314	2175	5307	5933	4077	3082	2857	2235	1507	1104	1531	1073	1688	1991	2262	999	1125	1423	887	547	662	727	606	176	128	20	0	5	24	0	0	0
1994	1	2	0	2	155	0	0	0	0	0	0	0	0	0	0	0	0	53	2507	17514	41410	36295	20278	13387	7327	5906	4144	1898	2142	2831	1407	3143	2615	1872	1361	1706	787	194	525	59	253	543	408	15	27	0	0	0	0	0
1995	1	2	0	2	107	0	0	0	0	0	0	0	37	147	73	73	37	73	110	4051	14846	32436	33924	23719	10655	6757	4376	2709	2763	2189	1069	2014	1888	2907	2051	2210	2218	898	2550	1295	142	10	25	253	0	0	0	0	0	0
1996	1	2	0	2	106	0	0	0	0	0	0	0	24	24	0	0	0	0	0	3204	11374	8560	13522	18431	17622	9343	7156	4070	2591	2349	2779	1182	937	1737	889	1512	685	1409	914	835	748	177	178	0	0	0	0	0	0	0
1997	1	2	0	2	137	0	0	0	0	0	0	0	14	29	58	29	100	138	533	1294	7827	7802	9038	11155	12767	14218	11620	7425	4019	2324	1931	1348	753	768	755	1027	1130	655	463	407	330	143	28	94	0	0	0	0	0	0
1998	1	2	0	2	111	0	0	0	0	0	0	0	0	0	731	1269	1079	1366	786	676	5281	7589	10236	9821	10320	8341	9011	6339	7604	4291	3777	2994	1642	1015	892	741	854	435	545	354	295	86	144	50	0	0	0	0	0	0
1999	1	2	0	2	149	0	0	0	0	0	0	0	0	104	260	122	177	602	1074	1957	11654	15277	19251	14093	11303	9710	6904	6689	6477	4380	4305	3643	2446	2370	1599	1327	1026	1015	652	624	283	93	0	79	66	66	28	0	0	0
2000	1	2	0	2	65	0	0	0	0	0	0	0	0	0	0	0	0	16	18	138	5880	5954	7621	5425	4950	3902	2189	1791	1704	1245	1306	1464	1074	860	647	172	260	50	199	68	64	0	155	0	0	0	0	0	0	0
2001	1	2	0	2	114	0	0	0	0	0	0	0	0	0	0	0	0	0	0	246	4393	4273	5531	7145	5337	4579	2859	2679	1560	1386	1932	1651	1315	1332	529	635	247	220	185	200	70	44	89	70	0	35	0	0	0	0
2002	1	2	0	2	145	0	0	0	0	0	0	0	0	0	0	0	0	0	85	1113	4776	4791	4551	5657	7479	6871	5474	3452	2449	2632	2723	1873	1572	792	1243	909	446	523	394	396	171	180	85	24	0	0	0	0	0	0
2003	1	2	0	2	90	0	0	0	0	0	0	0	0	0	0	0	0	12	12	347	6738	7562	8447	7163	6892	5129	4649	3693	3070	1752	1639	1094	974	609	580	388	315	191	119	266	8	107	0	0	0	0	0	0	0	0
2004	1	2	0	2	69	0	0	0	0	0	0	0	0	0	0	0	0	0	151	114	3383	4778	7305	7164	6298	5551	4972	4272	3418	3519	1990	1623	1259	1182	957	1195	511	161	429	124	3	136	0	0	0	0	0	0	0	0
2005	1	2	0	2	25	0	0	0	0	0	0	0	0	0	0	0	0	0	0	30	1459	5096	5733	5562	5847	2889	2587	1756	2391	2107	2111	1980	2538	812	1071	42	400	849	261	163	142	0	240	0	0	0	0	0	0	0
2006	1	2	0	2	67	0	0	0	0	0	0	0	0	0	0	0	0	0	74	0	3969	12293	12638	14461	14923	10989	8786	9345	5063	4132	4038	4524	2755	1619	2088	621	794	551	244	169	560	344	54	100	0	0	0	0	0	0
2007	1	2	0	2	31	0	0	0	0	0	0	0	0	0	0	0	0	0	0	1136	5131	14565	15142	14050	12606	10768	12287	8705	5167	6074	4873	3812	4817	4253	2142	3384	1247	1252	0	747	487	0	0	24	24	24	0	0	0	0
2008	1	2	0	2	30	0	0	0	0	0	0	0	0	0	0	0	0	0	0	313	4013	11689	16359	18034	18687	12444	10441	7197	13773	7484	3684	3598	3289	2458	2440	303	506	318	615	591	0	0	200	0	0	0	0	0	0	0
2009	1	2	0	2	19	0	0	0	0	0	0	0	0	0	0	0	0	0	0	74	8613	14610	12252	18429	15522	11032	9124	7768	5868	4579	4902	2018	3718	2757	1475	1029	814	667	147	520	299	74	0	0	0	0	0	0	0	0
2010	1	2	0	2	41	0	0	0	0	0	0	0	0	0	0	0	0	0	0	0	2315	16065	30120	30121	40653	24649	10232	6746	3421	2913	2137	1626	1675	507	760	539	302	598	331	222	56	0	56	28	0	0	0	0	0	0
2011	1	2	0	2	56	0	0	0	0	0	0	0	0	0	0	0	0	0	12	180	2327	7968	10975	13369	10926	11254	10787	9886	6722	6716	4301	3064	2450	2410	2342	1525	625	501	297	251	228	145	102	69	0	0	0	0	0	0
2012	1	2	0	2	100	0	0	0	0	0	0	0	0	0	0	0	0	0	0	520	4350	11740	12483	14279	12748	12865	7284	13932	9586	9411	10724	5622	4735	2099	2450	2478	1173	566	675	137	394	14	0	0	0	0	0	0	0	0
2013	1	2	0	2	42	0	0	0	0	0	0	0	0	0	0	0	0	0	0	569	6040	14247	17604	17459	11704	10487	7481	10703	9458	9034	6570	6686	5108	5206	1152	1560	1394	1065	555	742	507	292	244	0	0	0	0	0	0	0
2014	1	2	0	2	73	0	0	0	0	0	0	0	0	0	0	0	0	0	0	242	4676	10891	13762	25710	20762	19882	13868	10537	10014	9735	8784	8504	6874	5473	3441	2491	1627	627	279	566	190	12	161	0	0	0	0	0	0	0
2015	1	2	0	2	79	0	0	0	0	0	0	0	0	0	0	0	0	0	0	56	673	2159	6646	13933	16753	16672	16306	12497	10026	7007	7775	5112	4352	4358	4486	2297	1991	1524	740	501	523	15	104	15	78	0	0	0	0	0
2016	1	2	0	2	110	0	0	0	0	0	0	0	0	0	0	0	0	0	0	0	0	212	1973	9062	15595	13444	13398	12345	12837	11745	11516	7131	6141	4862	3526	2914	1649	2003	623	1115	183	183	72	0	0	0	0	0	0	0
2017	1	2	0	2	171	0	0	0	0	0	0	0	0	0	0	0	0	0	0	0	0	6.39	4647.63	15462.07	10587.12	10046.87	6513.67	5358.36	4244.31	3177.95	3714.95	3947.23	2206.96	1915.77	1171.91	629.83	436.82	228.82	519.91	119.14	82.74	258.32	39.35	109.48	39.36	0	0	0	0	0
2018	1	2	0	2	123	0	0	0	0	0	0	0	0	0	0	0	0	0	0	0	0	6.62	4104.65	12841.41	15722.07	16713.81	16570.16	11819.2	12418.38	13440.11	12180.09	9827.24	6506.93	5655.38	3804.17	2414.65	2719.92	1089	126.1	890.01	240.8	4.37	23.23	0	0	0	0	0	0	0
1985	1	-3	0	2	2	0	0	0	0	0	1	3	2	1	1	1	2	2	2	0	1	0	0	0	0	0	0	0	0	0	0	0	264	0	0	0	0	0	0	0	0	0	0	0	0	0	0	0	0	0
1987	1	-3	0	2	1	0	0	0	0	0	0	0	0	0	0	0	0	0	0	0	0	0	0	0	0	0	0	0	0	2	1	1	1	1	1	1	0	0	0	0	0	0	0	0	0	0	0	0	0	0
1988	1	-3	0	2	2	0	0	0	0	0	0	0	0	0	0	0	0	0	0	0	76	228	301	882	1103	594	515	443	367	149	145	76	76	0	76	228	152	76	76	0	0	0	0	0	0	0	0	0	0	0
1989	1	-3	0	2	4	0	0	0	0	0	0	0	0	0	0	0	0	0	0	0	0	0	0	8	20	51	40	16	60	198	235	401	306	421	532	207	140	85	69	0	4	11	26	0	0	0	0	0	0	0
1991	1	-3	0	2	1	0	0	0	0	0	0	0	0	0	0	0	0	0	0	0	0	0	0	0	435	2111	2590	1683	720	820	0	0	0	56	224	56	0	279	112	56	56	0	56	0	0	0	0	0	0	0
1992	1	-3	0	2	2	0	0	0	0	0	0	0	0	0	0	0	0	0	0	0	0	0	0	59	20	277	138	296	692	415	1502	573	217	158	0	0	0	0	0	0	0	0	0	0	0	0	0	0	0	0
1995	1	-3	0	2	2	0	0	0	0	0	0	0	0	0	0	0	0	0	0	0	1629	1303	1303	1629	326	0	0	0	0	0	0	0	0	0	0	0	0	0	0	0	0	0	0	0	0	0	0	0	0	0
1996	1	3	0	2	67	0	0	0	0	0	0	0	0	0	0	0	0	0	0	0	60	4942	11074	20191	14350	12533	10412	5550	3274	417	980	596	98	204	196	588	490	98	0	98	0	98	0	0	0	0	0	0	0	0
1998	1	3	0	2	46	0	0	0	0	0	0	0	0	0	0	0	0	0	0	14	129	4038	7185	3523	8141	13079	7721	8577	1929	5980	433	673	902	199	392	352	41	117	240	234	117	0	234	117	117	0	0	0	0	0
1999	1	3	0	2	122	0	0	0	0	0	0	0	0	0	0	0	0	0	25	328	1227	4512	5855	13377	17206	19594	15317	13967	14170	9191	11296	9324	4411	2947	961	1097	1251	941	237	430	0	237	474	27	0	0	0	0	0	0
2000	1	3	0	2	48	0	0	0	0	0	0	0	0	0	0	0	0	0	0	21	180	755	1873	2069	2545	2801	3193	2432	2263	2199	3200	2323	1452	1193	812	443	279	248	195	63	42	11	21	11	11	0	0	0	0	0
2001	1	3	0	2	180	0	0	0	0	0	0	0	0	0	0	0	0	0	0	6	660	1911	5559	5737	9292	8880	7489	7173	4855	3800	3923	2801	2684	2456	1644	598	774	215	355	80	42	6	22	0	6	0	0	0	0	0
2002	1	3	0	2	25	0	0	0	0	0	0	0	0	0	0	0	0	0	0	0	60	83	632	2074	6855	13290	4344	8459	6963	3175	3608	4927	3119	2214	1583	1856	1065	946	344	163	128	12	12	0	0	0	0	0	0	0
2003	1	3	0	2	30	0	0	0	0	0	0	0	0	0	0	0	0	0	0	6845	9901	17114	23691	17034	15347	9762	6692	5434	3443	2193	1503	941	785	974	378	378	345	0	0	95	43	43	43	0	0	0	0	0	0	0
2004	1	3	0	2	44	0	0	0	0	0	0	0	0	0	0	0	0	0	0	535	2809	6208	12248	12365	8469	13915	17395	19369	4008	9317	288	1054	1196	1196	566	677	278	343	167	56	56	0	0	0	0	0	0	0	0	0
2005	1	3	0	2	79	0	0	0	0	0	0	0	0	0	0	0	0	0	0	0	173	785	3157	6929	9226	11041	10516	6448	3185	2440	1366	1541	794	494	311	311	92	103	22	46	22	0	0	0	0	0	0	0	0	0
2006	1	3	0	2	28	0	0	0	0	0	0	0	0	0	0	0	0	0	0	0	106	741	1904	2328	2116	635	952	529	423	529	106	106	106	0	0	0	0	0	0	0	0	0	0	0	0	0	0	0	0	0
2007	1	3	0	2	120	0	0	0	0	0	0	0	0	0	0	0	0	0	18	37	320	883	2096	2641	5049	4236	3881	2081	2455	1652	906	619	617	373	150	150	113	56	37	75	18	18	0	0	0	0	0	0	0	0
2008	1	3	0	2	68	0	0	0	0	0	0	0	0	0	0	0	0	0	0	33	135	542	993	1095	1112	1005	1319	1199	1169	1206	722	709	446	362	229	120	75	17	10	7	9	2	2	7	0	0	0	0	0	0
2009	1	3	0	2	139	0	0	0	0	0	0	0	0	0	0	0	0	0	0	0	81	239	690	1020	1615	1163	827	967	510	227	99	183	83	96	39	41	21	20	3	4	10	4	0	0	0	0	0	0	0	0
2010	1	3	0	2	43	0	0	0	0	0	0	0	0	0	0	0	0	0	0	633	2147	3259	5121	5036	3218	3657	2543	962	1850	1217	755	1023	384	180	178	197	100	50	17	33	0	0	17	0	0	0	0	0	0	0
2011	1	3	0	2	100	0	0	0	0	0	0	0	0	0	0	0	0	0	0	0	293	1045	4271	4583	11310	8588	9653	9609	7336	3924	3130	2508	2382	1785	925	934	312	293	0	0	0	0	0	0	0	0	0	0	0	0
2012	1	3	0	2	141	0	0	0	0	0	0	0	0	0	0	0	0	0	0	200	3001	2588	4530	5537	5034	7019	4509	4023	4008	1503	1589	587	644	71	57	43	71	100	43	43	29	57	0	0	0	0	0	0	0	0
2000	1	4	0	2	62	0	0	0	0	0	0	0	0	0	0	0	0	0	0	9931	34932	85866	126730	102836	80478	93344	80934	55399	52948	42094	26460	27357	23581	14295	18044	10773	9903	5709	5721	2345	2595	2102	888	1021	548	123	0	0	0	0
2001	1	4	0	2	101	0	0	0	0	0	0	0	0	0	0	0	0	0	0	17962	19809	68920	76594	98008	109595	106857	77694	57055	51658	36737	35839	22762	25834	18773	13532	11068	9120	11771	5733	5345	2782	1691	583	296	204	0	61	0	0	0
2002	1	4	0	2	80	0	0	0	0	0	0	0	0	0	0	0	0	1015	0	12469	38249	46427	62503	82461	91064	86723	62163	55905	46180	35998	26001	19019	14210	11129	16771	11011	5447	4795	4559	1825	1260	357	155	109	0	0	0	0	0	0
2003	1	4	0	2	129	0	0	0	0	0	0	0	0	0	0	0	3455	13054	58717	105655	125326	180475	119495	145456	104545	130023	115806	91915	93878	48742	60839	31614	33688	30691	18823	13230	7960	5374	5617	3275	1356	297	783	112	148	0	0	0	0	0
2004	1	4	0	2	122	0	0	0	0	0	0	0	0	0	0	0	0	14	13057	78811	127801	124051	227214	282390	243107	188494	126685	72581	82331	50633	60284	31334	19126	23996	14799	10650	8569	4880	2974	2675	2567	548	425	149	295	0	149	0	0	0
2005	1	4	0	2	82	0	0	0	0	0	0	0	0	0	0	0	0	0	9903	29872	97890	128022	231750	266905	344681	270532	239265	169478	115269	62106	67741	61132	43591	35774	25788	12456	13360	8908	8053	9811	5020	2378	1365	107	0	0	0	0	0	0
2006	1	4	0	2	121	0	0	0	0	0	0	0	0	0	0	0	0	15689	32459	179130	285704	217657	178250	196868	289998	285451	263272	200874	119836	99509	99674	54522	45908	23763	20607	14969	13976	9653	4521	3424	2883	731	201	261	30	0	0	0	0	0
2007	1	4	0	2	186	0	0	0	0	0	0	0	0	0	0	0	0	0	181	4715	39335	102714	146272	145122	164011	130859	100043	99210	75929	74405	55147	46087	28056	23057	18091	8715	8793	4835	2707	1962	1010	399	158	37	59	0	0	0	0	0
2008	1	4	0	2	194	0	0	0	0	0	0	0	0	0	0	0	0	0	8250	28986	229758	263071	266408	237160	270810	228996	142650	112385	74336	66260	48853	39689	29840	28335	14420	12694	9039	6821	4714	1623	1257	534	261	8	0	0	0	0	0	0
2009	1	4	0	2	385	0	0	0	0	0	0	0	0	0	0	0	292	473	2239	10714	124925	211881	225545	193030	222613	238849	155222	159658	114530	84649	96257	51578	36547	57472	24016	21415	27466	20198	12083	7551	979	1765	264	1004	0	0	0	0	0	0
2010	1	4	0	2	198	0	0	0	0	0	0	0	717	0	0	0	0	0	9811	28290	169311	177571	182105	283064	251956	230227	188149	186310	109212	120550	71590	62211	31544	19076	62005	26388	9340	8541	29128	1884	2114	182	5525	6097	863	0	1207	0	0	0
2011	1	4	0	2	290	0	0	0	0	0	0	0	0	0	0	0	0	0	1976	13885	57121	87842	128838	187586	201447	199487	194697	145447	124239	92526	72471	46869	31690	19998	17624	14720	7906	6114	2082	1163	1096	476	148	104	0	0	0	0	0	0
2012	1	4	0	2	297	0	0	0	0	0	0	0	0	0	0	0	1219	0	1583	6518	85760	172510	140273	147895	162333	180752	158490	130759	107214	90638	78934	54869	35387	33085	17714	15170	9374	8114	4147	2313	1540	1134	282	451	29	27	0	0	0	0
2013	1	4	0	2	192	0	0	0	0	0	0	0	0	0	0	0	0	146	0	1504	29667	88507	149070	146130	123170	140677	127136	116842	99156	103818	89197	59004	65851	64579	53482	37744	23884	32512	14996	9001	2640	2073	176	1566	0	1115	0	0	0	0
2014	1	4	0	2	202	0	0	0	0	0	0	0	0	0	0	0	0	0	3076	3620	33532	68262	74871	82684	51365	61292	39844	38109	29929	39911	32298	30016	21467	16797	16261	8387	5579	8995	3027	642	773	0	198	0	0	0	0	0	0	0
2015	1	4	0	2	310	0	0	0	0	0	0	0	0	0	0	0	291	346	2678	5102	44175	75546	93273	115713	122460	95208	59668	51436	37860	21406	20681	13591	11946	11776	9356	6653	2485	1163	660	628	431	9	16	278	0	0	0	0	0	0
2016	1	4	0	2	231	0	0	0	0	0	0	0	0	0	0	0	0	71	1481	1440	2814	4340	7417	24816	20422	22427	20653	15619	10415	16034	9753	12328	7678	7506	4348	2634	4465	1353	956	219	0	127	0	0	0	301	0	0	0	0
2017	1	4	0	2	85	0	0	0	0	0	0	0	0	0	0	62.94	0	0	0	137.31	2645.77	2522.9	3571.7	9257.13	14860.99	9603.08	7366.92	6800.78	4599.38	3585.91	1012.39	2519.2	912.91	1120.04	1368.98	509.81	315.12	345.14	408.3	652.05	91.58	717.98	0	91.58	0	0	0	0	0	0
2009	1	4	0	1	65	0	23785	77757	646	0	0	0	0	0	0	14082	1536	109077	136481	273125	9052	437	0	0	0	0	0	0	0	0	0	0	0	0	0	0	0	0	0	0	0	0	0	0	0	0	0	0	0	0
2010	1	4	0	1	98	0	0	0	0	0	0	0	0	1897	560	6036	11986	7850	65917	101564	0	0	0	5882	0	0	0	0	0	0	0	0	0	0	0	0	0	0	0	0	0	0	0	0	0	0	0	0	0	0
2012	1	4	0	1	128	8406	89382	89194	24097	13076	8406	934	0	0	934	0	0	60149	136319	128793	0	0	0	4397	0	0	0	0	0	0	0	0	0	0	0	0	0	0	0	0	0	0	0	0	0	0	0	0	0	0
2013	1	4	0	1	48	0	0	0	0	0	0	0	3378	14450	12648	21204	3753	15573	20179	20024	38846	0	0	0	0	0	0	0	0	0	0	0	0	0	0	0	0	0	0	0	0	0	0	0	0	0	0	0	0	0
2014	1	4	0	1	18	0	0	0	0	0	0	1329	0	0	358	715	1073	1430	12200	18532	6008	0	0	1347	0	0	0	0	0	0	0	0	0	0	0	0	0	0	0	0	0	0	0	0	0	0	0	0	0	0
2015	1	4	0	1	33	0	0	0	0	0	8743	22986	24960	28627	44991	33640	16077	8650	23675	4655	0	846	846	5924	0	0	0	0	0	0	0	0	0	0	0	0	0	0	0	0	0	0	0	0	0	0	0	0	0	0
2016	1	4	0	1	433	0	0	0	0	0	0	0	0	6125	12251	0	0	12233	23131	59343	27178	70823	30032	828	1173	1173	1242	621	1104	138	69	0	0	0	69	0	0	0	0	0	0	0	0	0	0	0	0	0	0	0
2017	1	4	0	1	61	0	0	0	0	0	0	0	0	0	0	0	962.72	7853.33	21962.43	24573.9	28792.97	6600.19	9636.8	200	300	1650.03	1566.66	1649.98	416.61	616.68	1166.66	200	1450.03	0	0	0	0	100	0	0	100	0	0	0	0	0	0	0	0	0
2018	1	4	0	2	45	0	0	0	0	0	0	0	0	0	0	90.66	814.16	2443.93	2954.01	4379.48	2606.33	3548.68	2861.12	2701.86	2537.9	3581.39	2008.05	1668.55	1641.29	777.56	463.43	254.91	47.2	0	0	0	0	0	0	0	0	0	0	0	0	0	0	0	0	0
2012	1	6	0	0	50	0	372	284	568	1891	1809	1663	4980	2748	14600	18846	12438	26056	33015	24273	45606	47753	92325	141340	117296	94288	105389	98888	42835	62006	30265	16449	44855	18445	2471	13758	17915	8342	2622	0	40	2	5469	0	0	0	0	0	0	0
1988	1	-8	0	0	6	0	0	0	0	0	0	0	0	0	0	0	0	0	0	0	58885	0	76121	20143	0	0	0	20143	0	39616	0	15434	15434	0	0	0	0	0	0	0	0	0	0	0	0	0	0	0	0	0
1989	1	-8	0	0	3	0	0	0	0	0	0	0	0	0	0	0	0	0	22235	0	22235	0	11011	0	0	0	0	22235	0	0	0	0	0	0	0	0	0	0	0	0	0	0	0	0	0	0	0	0	0	0
1990	1	-8	0	0	8	0	0	0	0	0	0	32733	98199	120021	96615	222797	345962	107244	0	0	18463	0	6106	0	6106	23906	0	17254	17254	17254	0	0	0	0	0	0	0	0	0	0	0	0	0	0	0	0	0	0	0	0
1991	1	8	0	0	19	0	0	0	0	0	0	0	0	0	304624	1719409	1119677	531390	110365	162253	126980	45607	16723	16703	10625	0	16885	0	5352	30272	16885	0	0	0	0	0	16885	0	0	0	0	0	0	0	0	0	0	0	0	0
1992	1	8	0	0	23	0	0	0	0	0	0	0	0	0	0	0	63079	287513	510612	638459	530944	309090	78328	79289	26490	42201	0	0	15138	5247	0	10494	0	0	0	15853	0	0	5247	0	0	0	0	0	0	0	0	0	0	0
1993	1	8	0	0	21	0	0	0	0	0	0	0	0	0	5551	38106	121556	170213	347228	237317	321637	247396	266632	204261	133186	158039	17036	0	0	14798	0	0	16962	0	0	0	0	0	0	0	0	0	0	0	0	0	0	0	0	0
1994	1	8	0	0	19	0	0	0	0	0	0	0	18458	0	5108	71094	30647	64428	59303	79319	77545	139680	69887	157500	113756	52799	63325	37992	18996	18996	0	0	0	0	18996	0	0	0	0	0	0	0	0	0	0	0	0	0	0	0
1995	1	8	0	0	17	0	0	0	0	0	0	0	0	0	65628	182886	191483	118285	68606	94174	58735	62595	72147	8650	15487	10698	0	20034	15487	0	0	17299	0	0	0	19546	0	0	0	0	0	0	0	0	0	0	0	0	0	0
1996	1	8	0	0	26	0	0	0	0	0	0	0	0	10096	71187	198585	162449	209883	102756	137006	50619	60715	0	46710	0	25805	38406	67089	0	0	0	21710	0	0	0	0	0	0	0	21222	0	0	0	0	0	0	0	0	0	0
1997	1	8	0	0	31	0	0	0	0	0	0	0	0	0	52420	172277	157267	364320	311146	265276	102658	136668	71024	62096	42836	3198	27070	0	36775	0	0	0	0	0	0	0	0	12568	0	0	0	0	0	0	0	0	0	0	0	0
1998	1	8	0	0	38	0	0	0	0	0	0	0	0	0	0	10254	42156	199875	248028	445903	469290	406992	271169	77307	56211	109682	49306	13620	13620	0	25037	27240	13620	13620	0	0	0	11417	0	26697	0	0	0	0	0	0	0	0	0	0
1999	1	8	0	0	37	0	0	0	0	0	0	0	0	18433	15128	83225	167646	146928	90595	177558	153662	195992	214407	105858	79810	47256	78075	7863	17639	0	9059	0	9059	0	15018	0	0	0	0	0	0	0	0	9059	0	0	0	0	0	0
2000	1	8	0	0	36	0	0	0	0	0	0	0	18644	65257	62040	125296	417455	440978	309620	338993	204879	181687	95559	108703	70962	23940	21506	14766	0	24695	0	14306	0	9307	13096	0	9307	0	0	0	0	0	0	0	0	0	0	0	0	0
2001	1	8	0	0	39	0	0	0	0	0	0	0	0	0	59740	413187	767358	518235	300493	248669	158653	247952	66992	125042	43191	37193	10236	24597	0	14837	24648	13083	52462	0	0	12053	0	0	12053	0	0	0	0	0	0	0	0	0	0	0
2002	1	8	0	0	44	0	0	0	0	0	0	0	0	0	10739	67655	197986	381355	832988	623508	439729	380196	270697	189153	102893	112164	50660	44892	16171	27189	21612	15932	12167	0	27484	12167	25511	0	0	9579	0	0	0	0	0	0	0	0	0	0
2003	1	8	0	0	41	0	0	0	0	0	0	0	0	22663	13218	161174	795498	720874	802826	1375758	1218315	1251975	623889	464021	274147	207776	203176	72670	136756	185043	89875	52508	26254	27514	0	13127	0	0	0	0	0	0	0	0	0	0	0	0	0	0
2004	1	8	0	0	44	0	0	0	0	0	0	0	0	0	2692	0	122879	403673	714884	730822	416792	287359	324966	129278	137035	115126	31042	39375	29156	18125	9347	0	61811	2692	2692	9347	0	0	0	0	0	0	9347	0	0	0	0	0	0	0
2005	1	8	0	0	40	0	0	0	0	0	0	0	0	15565	0	210994	418270	315562	267295	354515	215506	225666	181642	106404	138927	146271	109108	98370	34142	9487	52772	51553	21543	10751	10751	0	0	10223	0	0	0	0	0	0	0	0	0	0	0	0
2006	1	8	0	0	36	0	0	0	0	0	0	0	0	0	9814	197122	866753	893641	788190	1120577	531053	311464	137430	190156	96298	71441	84223	86273	31873	22996	25308	19628	9814	3032	0	9814	0	0	11099	0	0	0	0	0	0	0	0	0	0	0
2007	1	8	0	0	33	0	0	0	0	0	0	0	0	0	0	47391	407308	386452	394375	609358	479157	314000	219897	169994	170481	111148	80056	57131	123245	25737	18311	0	11929	0	10662	5331	19351	0	0	0	0	0	0	0	0	0	0	0	0	0
2008	1	8	0	0	40	0	0	0	0	0	0	0	0	10729	52876	128066	266412	229414	731914	1661470	931172	880632	758996	224765	208707	112521	79753	13259	72807	14967	28587	19628	0	0	0	42166	0	0	0	0	0	0	0	0	0	0	0	0	0	0
2009	1	8	0	0	26	0	0	0	0	0	0	0	0	0	0	21413	77225	253598	386804	279160	234313	217371	238780	238652	168707	110777	82775	99010	56555	38480	0	21413	12158	0	0	0	12249	0	0	15256	0	0	0	0	0	0	0	0	0	0
2010	1	8	0	0	30	0	0	0	0	0	0	0	0	0	0	20661	79020	106240	232673	118288	117886	316567	207944	97593	110810	191255	62479	14580	62090	0	22711	0	14580	0	14580	0	0	0	0	14580	0	0	0	0	0	0	0	0	0	0
2011	1	8	0	0	27	0	0	0	0	0	0	0	0	0	0	13881	0	45451	95055	204438	227355	208472	118040	120428	68027	88143	90627	60054	47411	9869	0	33403	36907	46184	0	0	0	0	0	0	0	0	0	0	0	0	0	0	0	0
2012	1	8	0	0	25	0	0	0	0	0	0	0	0	0	0	29922	15009	161369	400458	247182	200887	183315	84361	197280	103031	86442	77382	31957	43195	19956	39781	11851	40610	19956	20305	20305	0	0	0	0	0	0	0	0	0	0	0	0	0	0
2013	1	8	0	0	19	0	0	0	0	0	0	0	0	0	0	42825	113195	62476	113528	127750	96177	135950	70592	33717	44279	61410	11237	17382	17382	48087	0	0	0	0	0	0	0	0	0	0	0	0	0	0	0	0	0	0	0	0
2014	1	8	0	0	20	0	0	0	0	0	0	0	0	0	0	0	0	0	68544	62919	72216	235064	138177	171873	205729	78929	0	0	0	38360	25884	0	0	0	0	28103	0	0	0	0	0	0	0	0	0	0	0	0	0	0
	
# -------------------------------------------
# AGE COMPOSITION SET-UP
# -------------------------------------------
17	#_N_age_bins
0 1 2 3 4 5 6 7 8 9 10 11 12 13 14 15 16

# -------------------------------------------
# AGEING ERROR
# -------------------------------------------
1	#_N_ageerror_definitions
0.5	1.5	2.5	3.5	4.5	5.5	6.5	7.5	8.5	9.5	10.5	11.5	12.5	13.5	14.5	15.5	16.5	17.5	18.5	19.5	20.5	21.5	22.5	23.5	24.5	25.5	26.5	27.5	28.5	29.5	30.5
0.05	0.15	0.25	0.35	0.45	0.55	0.65	0.75	0.85	0.95	1.05	1.15	1.25	1.35	1.45	1.55	1.65	1.75	1.85	1.95	2.05	2.15	2.25	2.35	2.45	2.55	2.65	2.75	2.85	2.95	3.05

# -------------------------------------------
# AGE COMPOSITION DATA
# -------------------------------------------
134	#_N_Agecomp_obs
1	#_Lbin_method: 1=poplenbins; 2=datalenbins; 3=lengths (set to 3 for cond'l age-at-length?)
0	#_combine males into females at or below this bin number

#Yr Seas Flt/Svy Gender Part Ageerr Lbin_lo Lbin_hi Nsamp datavector(female-male)
1985	1	1	0	2	1	-1	-1	131	0	0	65	11844	30828	6121	9692	1240	3914	9713	2454	2581	1320	343	841	286	892
1986	1	1	0	2	1	-1	-1	46	0	0	0	15673	20303	18759	3453	7662	704	3197	10503	1833	1403	2889	1222	1688	3595
1987	1	1	0	2	1	-1	-1	113	0	0	0	439	30263	58458	13753	2095	2437	656	726	5731	2565	1889	761	817	2796
1988	1	1	0	2	1	-1	-1	35	0	0	0	1930	20862	54472	41710	12803	1721	2315	780	451	5503	2024	1312	801	2589
1989	1	1	0	2	1	-1	-1	299	0	0	33394	5411	1223	7659	43911	26891	9002	3076	2901	1878	2896	8914	1499	1286	3436
1990	1	1	0	2	1	-1	-1	133	0	0	0	3035	2503	3770	16047	31459	21020	5042	2186	1463	846	1100	4837	353	2703
1991	1	1	0	2	1	-1	-1	287	0	0	1533	6933	36938	2381	1283	6576	18064	16248	7033	589	2617	2321	480	6659	3674
1992	1	1	0	2	1	-1	-1	202	0	0	0	15982	55550	33557	1183	796	1956	4750	4762	1230	451	433	139	497	3202
1993	1	1	0	2	1	-1	-1	218	0	0	0	657	81429	65981	21858	1351	627	1796	4803	3920	1500	710	735	475	2347
1994	1	1	0	2	1	-1	-1	282	0	0	2	1328	30970	369416	41472	16079	1130	294	2282	5842	4387	1596	650	646	3717
1995	1	1	0	2	1	-1	-1	115	0	0	0	5599	37064	81529	334815	17932	6931	702	415	1046	3440	3215	1846	2699	2680
1996	1	1	0	2	1	-1	-1	163	0	0	191	11473	43831	31632	64618	173733	8235	3622	216	315	454	1881	1688	534	1784
1997	1	1	0	2	1	-1	-1	137	0	0	0	2490	8501	64000	45238	39229	145407	8105	4456	632	640	294	2689	1712	2235
1998	1	1	0	2	1	-1	-1	165	0	0	0	1103	44997	49461	69489	25366	15136	41057	2671	860	96	96	385	623	811
1999	1	1	0	2	1	-1	-1	218	0	0	241	82	80414	146338	43841	28582	9612	6192	18072	1112	729	40	270	97	830
2000	1	1	0	2	1	-1	-1	395	0	0	0	9528	2584	151515	72747	11772	11046	4992	4636	8323	818	184	14	55	643
2001	1	1	0	2	1	-1	-1	286	0	0	614	11085	92408	29064	105169	25329	7388	8742	5811	8136	7522	804	768	69	759
2002	1	1	0	2	1	-1	-1	36	0	0	338	11495	43605	240476	16779	67647	16021	7450	8022	2682	3842	10166	645	193	568
2003	1	1	0	2	1	-1	-1	154	0	0	0	5698	75254	70415	154267	8719	38901	14072	4789	3196	2260	1599	3937	937	756
2004	1	1	0	2	1	-1	-1	94	0	0	0	4406	38270	214112	76652	95133	2733	12227	4039	1583	994	802	263	1029	221
2005	1	1	0	2	1	-1	-1	76	0	0	0	18910	135210	89202	124422	33796	30175	3112	7357	1390	1123	363	173	650	842
2006	1	1	0	2	1	-1	-1	44	0	0	0	20497	141335	144890	54069	56281	17344	24148	2207	3475	2277	859	210	188	1433
2007	1	1	0	2	1	-1	-1	185	0	0	0	955	33606	169272	96625	44423	34061	12877	14366	11530	4527	1621	11	254	428
2008	1	1	0	2	1	-1	-1	89	0	0	0	9338	110875	296983	139083	47617	19838	17332	8660	6128	852	793	988	317	824
2009	1	1	0	2	1	-1	-1	162	0	0	0	2659	73056	169969	172602	64997	19002	14443	9064	8631	3610	2235	1302	0	249
2010	1	1	0	2	1	-1	-1	73	0	0	0	319	77100	155258	118179	78410	28938	11821	6979	6043	2645	2083	2273	534	1663
2011	1	1	0	2	1	-1	-1	78	0	0	0	845	28630	124625	92582	71094	54338	31775	10438	11227	6347	2933	2203	675	1692
2012	1	1	0	2	1	-1	-1	101	0	0	0	1620	14135	166965	219883	61319	39609	31669	15268	9427	4092	3864	2546	538	930
2013	1	1	0	2	1	-1	-1	11	0	0	0	0	45016	60547	182858	117821	33448	30222	22727	17473	11825	2908	2687	2429	2133
2014	1	1	0	2	1	-1	-1	104	0	0	0	6622	31923	107001	58412	114826	78809	38859	27037	30548	19853	5152	1776	1857	1487
2015	1	1	0	2	1	-1	-1	81	0	0	0	50	3716	20172	45807	36830	63272	35025	17302	12685	10431	2917	7265	7308	966
2016	1	1	0	2	1	-1	-1	94	0	0	0	0	1591	7863	13991	31088	24925	40386	24807	10618	8218	4788	1960	2098	1528
2017	1	1	0	2	1	-1	-1	38	0	0	0	0	39.35	454.04	2175.92	1178.58	880.57	927.6	851.55	713.32	106.55	256.91	41.4	144.2	236.46
2018	1	1	0	2	1	-1	-1	98	0	0	0	130	4361	18582	26874	18792	9488	6826	4615	6186	5377	1562	1164	960	766
1985	1	-2	0	2	1	-1	-1	5	0	0	0	9225	11491	3441	5902	891	1113	5133	1176	694	913	46	122	134	936
1986	1	2	0	2	1	-1	-1	53	0	0	0	577	8939	3343	933	2354	358	758	5428	960	871	953	573	645	1307
1987	1	2	0	2	1	-1	-1	60	0	0	0	108	1052	3719	2132	581	477	432	523	1578	845	211	167	179	1187
1988	1	2	0	2	1	-1	-1	92	0	0	0	33	1751	13389	5067	2398	551	1014	209	456	1863	895	715	523	977
1989	1	2	0	2	1	-1	-1	66	0	0	22	0	538	8171	36046	1842	371	104	208	58	215	1040	115	87	334
1990	1	2	0	2	1	-1	-1	249	0	0	0	305	82	185	1284	3456	2407	897	357	369	193	242	1261	81	828
1991	1	2	0	2	1	-1	-1	281	0	0	0	131	8420	471	177	792	4927	4024	1842	89	1229	1685	367	4831	2887
1992	1	2	0	2	1	-1	-1	357	0	0	0	1195	5473	5267	294	269	518	1193	1633	563	130	195	169	143	1411
1993	1	2	0	2	1	-1	-1	418	0	0	16	526	11652	11776	7569	590	289	931	3941	3344	1367	663	703	643	3789
1994	1	2	0	2	1	-1	-1	287	0	0	0	71	4059	119784	18540	9393	943	173	1754	5414	5570	1205	639	274	2790
1995	1	2	0	2	1	-1	-1	213	0	0	0	486	6943	21979	97509	7380	5313	480	699	831	5684	3696	1936	840	4733
1996	1	2	0	2	1	-1	-1	166	0	0	0	210	8804	12487	15338	57127	4566	4979	127	510	364	2521	1573	1300	2346
1997	1	2	0	2	1	-1	-1	157	0	0	59	454	3102	15613	11415	8287	50819	2853	1635	557	354	243	2195	1065	1570
1998	1	2	0	2	1	-1	-1	145	0	0	0	3676	8366	10920	22630	10485	6452	28231	2949	1091	138	196	793	1381	1254
1999	1	2	0	2	1	-1	-1	184	0	0	479	255	25158	37306	13589	13697	5288	5001	20522	1669	2038	247	777	315	3314
2000	1	2	0	2	1	-1	-1	237	0	0	0	421	294	19380	12402	2696	3285	1476	1248	4697	330	258	16	88	559
2001	1	2	0	2	1	-1	-1	411	0	0	54	471	7385	1392	17864	7702	2027	3239	1685	1761	3774	440	301	27	420
2002	1	2	0	2	1	-1	-1	495	0	0	30	729	2609	14173	2686	17358	7757	2621	5179	1463	1766	3687	322	101	180
2003	1	2	0	2	1	-1	-1	236	0	0	0	80	7166	7917	25014	2167	10164	3262	1473	982	796	681	1704	186	166
2004	1	2	0	2	1	-1	-1	152	0	0	0	279	1697	13884	8601	17310	2398	6365	3626	1181	1189	1172	406	2243	143
2005	1	2	0	2	1	-1	-1	127	0	0	0	621	2669	5059	14699	5529	6985	589	5697	1845	236	1307	33	189	606
2006	1	2	0	2	1	-1	-1	87	0	0	0	44	16121	35990	13714	22306	5794	12717	1644	3135	1258	305	358	1016	734
2007	1	2	0	2	1	-1	-1	55	0	0	0	22	6611	31578	28396	14511	17834	8499	10951	5163	3121	5119	85	344	485
2008	1	2	0	2	1	-1	-1	96	0	0	0	199	5010	27319	42071	21561	12265	12566	5458	4960	1372	1032	3431	198	992
2009	1	2	0	2	1	-1	-1	38	0	0	0	315	8415	19843	33661	25695	12017	9320	5021	5371	4748	811	1075	0	0
2010	1	2	0	2	1	-1	-1	51	0	0	0	814	7029	45515	54766	39716	15835	5147	2395	2910	706	522	359	81	277
2011	1	2	0	2	1	-1	-1	34	0	0	0	8	5209	11538	24667	19293	16668	13032	4947	6066	2695	1941	2187	522	657
2012	1	2	0	2	1	-1	-1	50	0	0	0	91	1695	18362	28593	23507	22946	17909	10199	7725	2994	2672	2158	596	820
2013	1	2	0	2	1	-1	-1	91	0	0	0	0	1187	6979	35135	32251	18057	14762	10333	10543	6106	3730	2886	1957	1938
2014	1	2	0	2	1	-1	-1	41	0	0	0	980	4985	26081	20743	39548	28357	15323	12440	12413	8018	4889	1976	1673	1322
2015	1	2	0	2	1	-1	-1	64	0	0	0	6	1834	5941	23369	22221	31442	19014	10344	8210	7036	2504	3136	744	798
2016	1	2	0	2	1	-1	-1	69	0	0	0	0	742	7020	11858	20142	15479	25838	13362	7406	5904	4674	2548	3894	2567
2017	1	2	0	2	1	-1	-1	28	0	0	0	0	1733.87	4006.77	5765.62	2323.93	2362.02	1035.91	4158.84	992.55	355.58	468.65	201.54	474.59	329.71
2018	1	2	0	2	1	-1	-1	103	0	0	0	454	6992	23652	41538	31173	17352	16753	11214	14117	9044	4650	3791	2220	3945
1996	1	3	0	2	1	-1	-1	67	0	0	0	0	289	796	3892	71666	5583	1648	21	334	154	622	485	199	559
1998	1	3	0	2	1	-1	-1	50	0	0	0	0	245	5979	11845	8553	8135	25138	2517	345	93	53	119	893	569
1999	1	3	0	2	1	-1	-1	50	0	0	0	0	2983	18409	15106	27147	13818	18060	43097	4389	1686	324	387	308	2689
2000	1	3	0	2	1	-1	-1	50	0	0	0	15	60	2476	7587	3270	4497	1459	2830	7077	634	174	39	96	420
2001	1	3	0	2	1	-1	-1	50	0	0	0	0	179	899	19777	20290	7042	5268	3124	2845	9666	857	636	123	261
2002	1	3	0	2	1	-1	-1	50	0	0	0	3	37	2380	1578	24087	9693	6297	5978	450	5664	9215	0	0	530
2003	1	3	0	2	1	-1	-1	50	0	0	0	0	2689	10619	39257	7971	40551	10293	3162	3254	618	169	4043	77	281
2004	1	3	0	2	1	-1	-1	50	0	0	0	7	1254	12502	14372	48109	3199	20694	8010	353	1797	1141	91	968	18
2005	1	3	0	2	1	-1	-1	50	0	0	0	0	114	2103	15321	14397	17408	1907	5182	0	1831	99	0	40	599
2006	1	3	0	2	1	-1	-1	50	0	0	0	0	227	567	608	4076	1423	3085	254	176	111	0	0	0	53
2007	1	3	0	2	1	-1	-1	50	0	0	0	0	385	2517	7038	5387	6833	2795	1900	631	807	12	37	19	121
2008	1	3	0	2	1	-1	-1	50	0	0	0	45	445	1540	3279	1787	1412	1557	755	960	30	183	490	0	40
2009	1	3	0	2	1	-1	-1	50	0	0	0	0	90	635	2175	2596	843	784	168	298	173	11	169	0	0
2010	1	3	0	2	1	-1	-1	50	0	0	0	9	36	1741	5546	8261	6678	4755	403	3786	152	294	313	551	50
2011	1	3	0	2	1	-1	-1	50	0	0	0	0	255	4397	10231	13640	15909	13642	4424	4233	2773	1688	1003	264	423
2012	1	3	0	2	1	-1	-1	50	0	0	0	0	391	4461	10776	10016	8757	5789	2741	1134	290	433	143	127	226
2015	1	-3	0	2	1	-1	-1	50	0	0	0	0	7	23	85	103	137	30	6	3	0	0	0	0	0
2018	1	3	0	2	1	-1	-1	50	0	0	0	0	0	2	9	5	1	1	0	0	0	0	0	0	0
2000	1	4	0	2	1	-1	-1	100	0	0	0	0	9440	222655	273687	139562	79413	47258	43924	49293	20207	10767	4925	4927	10901
2001	1	4	0	2	1	-1	-1	100	0	0	0	2651	55640	47734	298773	211740	90962	44742	21074	39908	36007	17787	4394	6838	8034
2002	1	4	0	2	1	-1	-1	100	0	0	0	8114	73892	125531	90294	236147	86108	31151	23025	17823	14760	15912	9752	3743	1553
2003	1	4	0	2	1	-1	-1	100	0	0	2611	10800	364427	241694	318445	96562	254050	114829	57883	26223	19879	14232	18088	6600	4028
2004	1	4	0	2	1	-1	-1	100	0	0	3	4	80483	627951	438799	297961	65297	131612	77533	25416	14848	14254	13528	7628	5270
2005	1	4	0	2	1	-1	-1	100	0	0	0	24195	77794	253455	735235	352182	443765	39104	161572	69617	26314	17996	19238	17974	22718
2006	1	4	0	2	1	-1	-1	100	0	0	3138	74600	131099	564668	361515	841651	146484	253945	13655	132370	84910	22068	6648	6999	16069
2007	1	4	0	2	1	-1	-1	100	0	0	0	5307	73224	135809	460583	124606	139879	79978	69214	33191	65868	68599	11131	9034	5486
2008	1	4	0	2	1	-1	-1	100	0	0	1208	79917	175402	545960	401231	456312	143871	147881	40719	57341	17882	35092	12669	5518	6091
2009	1	4	0	2	1	-1	-1	100	0	0	315	23355	119979	282754	473020	238022	408951	100487	200417	73570	37114	32657	55506	33537	23529
2010	1	4	0	2	1	-1	-1	100	0	0	717	1962	39409	221063	515711	411737	437222	200328	172430	109342	75421	46461	21880	4806	16480
2011	1	4	0	2	1	-1	-1	100	0	0	0	0	6087	172404	252236	312186	303804	314164	125800	89188	34465	28352	12942	5585	337
2012	1	4	0	2	1	-1	-1	100	0	0	0	406	14357	65157	262593	346334	308183	264012	214803	83939	50701	24784	8470	3191	1583
2013	1	4	0	2	1	-1	-1	100	0	0	0	60	569	52216	96064	609903	377156	367869	481247	245982	158757	43008	21825	14812	11520
2014	1	4	0	2	1	-1	-1	100	0	0	0	603	6846	11735	123435	149938	133129	143241	39242	39476	12679	7347	3067	198	0
2015	1	4	0	2	1	-1	-1	100	0	0	47	1394	20917	116939	139446	125305	191220	88543	67528	24658	17551	5046	5387	431	428
2016	1	4	0	2	1	-1	-1	100	0	0	24	565	3419	23364	25335	22790	29076	38383	26822	18455	4964	3114	1866	381	429
2017	1	4	0	2	1	-1	-1	100	0	0	20.98	104.87	1154.44	5712	16084.56	11655.33	11829.94	7527.59	3485.43	3635.9	3571.07	1819.13	1544.31	0	0
2018	1	4	0	2	1	-1	-1	100	0	0	0	0	355.69	1325.19	4078.88	6238.56	5198.84	4400.77	4393.07	3086.51	2340.29	1357.53	638.46	274.65	328.58
1986	1	7	0	0	1	-1	-1	15	0	0	0.27	4.26	1.31	0	0	0	0	0	0	0	0	0	0	0	0
1987	1	7	0	0	1	-1	-1	17	0	0	0.05	0.28	2.27	0	0	0	0	0	0	0	0	0	0	0	0
1989	1	7	0	0	1	-1	-1	21	0	0	6.68	0.37	0	0	0	0	0	0	0	0	0	0	0	0	0
1990	1	7	0	0	1	-1	-1	24	0	0	2.81	1.15	0.02	0	0	0	0	0	0	0	0	0	0	0	0
1991	1	7	0	0	1	-1	-1	18	0	0	3.08	0.21	0.03	0	0	0	0	0	0	0	0	0	0	0	0
1992	1	7	0	0	1	-1	-1	35	0	0	0.95	18.59	0.16	0	0	0	0	0	0	0	0	0	0	0	0
1993	1	7	0	0	1	-1	-1	35	0	0	6.65	3.59	4.39	0	0	0	0	0	0	0	0	0	0	0	0
1994	1	7	0	0	1	-1	-1	35	0	0	3.33	1.84	0.29	0	0	0	0	0	0	0	0	0	0	0	0
1995	1	7	0	0	1	-1	-1	36	0	0	4.83	4.69	0.72	0	0	0	0	0	0	0	0	0	0	0	0
1996	1	7	0	0	1	-1	-1	34	0	0	5.52	0.43	0.11	0	0	0	0	0	0	0	0	0	0	0	0
1997	1	7	0	0	1	-1	-1	35	0	0	33.62	4.52	0.06	0	0	0	0	0	0	0	0	0	0	0	0
1998	1	7	0	0	1	-1	-1	36	0	0	1.22	5.5	0.61	0	0	0	0	0	0	0	0	0	0	0	0
1999	1	7	0	0	1	-1	-1	33	0	0	19.37	0.67	0.87	0	0	0	0	0	0	0	0	0	0	0	0
2000	1	7	0	0	1	-1	-1	36	0	0	6.07	11.35	0.03	0	0	0	0	0	0	0	0	0	0	0	0
2001	1	7	0	0	1	-1	-1	33	0	0	34.42	3.92	1.57	0	0	0	0	0	0	0	0	0	0	0	0
2002	1	7	0	0	1	-1	-1	36	0	0	7.42	3.87	0.4	0	0	0	0	0	0	0	0	0	0	0	0
2003	1	7	0	0	1	-1	-1	35	0	0	8.37	4.6	0.59	0	0	0	0	0	0	0	0	0	0	0	0
2005	1	7	0	0	1	-1	-1	35	0	0	13.12	7.98	0.84	0	0	0	0	0	0	0	0	0	0	0	0
2006	1	7	0	0	1	-1	-1	34	0	0	9.51	9.21	1.02	0	0	0	0	0	0	0	0	0	0	0	0
2007	1	7	0	0	1	-1	-1	34	0	0	3.42	1.78	0.3	0	0	0	0	0	0	0	0	0	0	0	0
2008	1	7	0	0	1	-1	-1	36	0	0	18.52	6.66	0.34	0	0	0	0	0	0	0	0	0	0	0	0
2009	1	7	0	0	1	-1	-1	35	0	0	13.25	6.25	0.33	0	0	0	0	0	0	0	0	0	0	0	0
2011	1	7	0	0	1	-1	-1	35	0	0	2.25	1.39	0.42	0	0	0	0	0	0	0	0	0	0	0	0
2013	1	7	0	0	1	-1	-1	35	0	0	1.34	0.08	0.1	0	0	0	0	0	0	0	0	0	0	0	0
2014	1	7	0	0	1	-1	-1	34	0	0	0.74	0.64	0.02	0	0	0	0	0	0	0	0	0	0	0	0
2015	1	7	0	0	1	-1	-1	34	0	0	6.95	0.44	0.05	0	0	0	0	0	0	0	0	0	0	0	0
2016	1	7	0	0	1	-1	-1	35	0	0	3.75	2.17	0.11	0	0	0	0	0	0	0	0	0	0	0	0
2017	1	7	0	0	1	-1	-1	35	0	0	0.858	2.562	0.118	0	0	0	0	0	0	0	0	0	0	0	0
2018	1	7	0	0	1	-1	-1	34	0	0	2.168	0.316	0.180	0	0	0	0	0	0	0	0	0	0	0	0

# --------------------------------
# MEAN LENGTH OR BODYWEIGHT-AT-AGE
# --------------------------------
0 	#_N_MeanSize-at-Age_obs
#Yr Seas Flt/Svy Gender Part Ageerr Ignore datavector(female-male)
#	samplesize(female-male)

# --------------------------------
# ENVIRONMENTAL DATA
# --------------------------------
0 	#_N_environ_variables
0 	#_N_environ_obs

# --------------------------------
# GENERALIZED SIZE COMPOSTION DATA
# --------------------------------
0 	# N WtFreq methods

# --------------------------------
# TAG-RECAPTURE
# --------------------------------
0 	# Do_Tags (0=omit, 1=enter conditional data per manual)

# --------------------------------
# STOCK COMPOSITION
# --------------------------------
0 	# no morphcomp data

999 	# end of data file marker
